50
3
1 2 3
2 3 5
3 5 6
2 3 4
1 2 3
3
4 6 7
3 6 8
6 8 10
4 7 10
2 4 6
10
14 15 19 24 27 30 31 33 34 36
14 22 24 27 28 33 36 37 41 46
11 13 16 21 23 24 25 28 32 35
16 17 22 27 29 32 33 36 37 40
20 23 27 31 36 40 43 46 48 51
6 9 11 13 16 18 19 22 24 26
3 6 8 10 11 14 16 17 19 20
19 22 25 29 35 37 39 41 43 46
8 11 13 15 16 19 22 24 25 27
16 24 25 29 32 34 37 40 43 48
11 18 20 21 24 30 32 34 37 40
10 16 19 20 23 27 29 32 35 36
3 6 8 9 10 11 13 14 16 17
17 26 27 31 35 36 40 41 46 51
13 19 22 24 25 31 33 36 39 43
9 13 14 18 21 24 27 28 29 31
8 10 13 14 19 20 22 24 25 27
6 9 10 12 13 15 17 20 22 23
10 12 15 18 20 21 24 27 29 31
7
26 44 83 106 112 122 142
38 44 58 82 96 101 106
73 82 107 135 151 157 201
84 112 134 151 167 174 186
103 106 143 157 186 213 244
20 26 49 73 79 95 103
59 83 94 107 112 122 143
79 96 112 138 167 191 218
70 106 126 135 138 156 157
49 58 94 126 134 151 176
108 142 176 201 218 226 244
20 38 59 70 84 99 108
99 122 151 157 191 196 213
3
1 2 3
2 3 4
2 3 4
3 4 5
1 2 3
2
22 222
2 22
2 22
5
7 8 9 11 15
3 4 7 9 13
7 9 16 19 21
10 14 16 20 21
4 8 14 16 20
17 20 21 25 29
9 11 20 21 25
13 16 19 21 25
3 7 10 13 17
2
2 4
4 8
2 6
7
6 11 15 18 20 21 32
4 9 13 16 17 18 28
6 11 15 18 20 21 33
23 25 27 29 30 33 34
5 10 14 17 19 20 31
1 2 3 4 5 6 22
4 9 13 16 17 18 29
3 8 12 13 14 15 26
22 24 26 28 31 32 34
1 2 3 4 5 6 23
2 7 8 9 10 11 25
5 10 14 17 19 20 30
3 8 12 13 14 15 27
2
2 4
4 8
6 8
8
3 5 7 9 11 13 14 16
8 11 13 15 17 18 19 21
2 4 6 7 8 10 12 14
14 16 19 20 22 24 25 28
4 6 8 11 13 15 17 19
10 13 15 17 19 20 22 23
9 11 13 17 18 20 21 24
12 14 17 19 20 21 24 26
6 7 8 9 10 13 15 17
11 12 15 18 19 22 24 25
7 8 10 15 17 19 20 22
7 9 11 13 15 17 18 19
5 7 9 13 15 17 19 20
4 5 6 7 8 11 12 15
13 15 17 19 21 23 26 28
4
3 5 6 11
2 4 5 9
7 10 11 13
2 4 5 10
1 2 3 8
8 9 12 13
1 2 3 7
3
5 8 11
7 11 12
3 5 7
7 10 12
6 8 10
4
1 4 6 8
7 12 14 16
6 10 12 14
1 5 6 7
8 13 15 16
6 9 12 15
4 7 9 12
4
5 7 9 11
1 3 4 5
3 5 6 7
5 7 9 11
3 5 6 7
4 6 7 9
1 3 4 5
5
9 14 19 23 26
3 5 8 9 13
13 16 26 29 34
12 18 24 28 29
6 7 13 15 16
16 21 28 31 34
3 6 9 12 16
8 13 19 24 28
9 15 23 28 31
7
7 8 9 10 11 12 13
6 7 8 9 10 11 12
5 6 7 8 9 10 11
4 5 6 7 8 9 10
2 3 4 5 6 7 8
1 2 3 4 5 6 7
4 5 6 7 8 9 10
7 8 9 10 11 12 13
5 6 7 8 9 10 11
2 3 4 5 6 7 8
3 4 5 6 7 8 9
3 4 5 6 7 8 9
6 7 8 9 10 11 12
4
4 7 10 12
7 10 13 16
4 7 10 12
1 4 6 9
6 10 13 15
1 4 7 9
9 12 16 17
2
4 8
5 8
2 4
7
1 2 3 4 5 6 7
4 11 18 25 32 39 46
7 14 21 28 35 42 49
43 44 45 46 47 48 49
6 13 20 27 34 41 48
2 9 16 23 30 37 44
22 23 24 25 26 27 28
3 10 17 24 31 38 45
15 16 17 18 19 20 21
36 37 38 39 40 41 42
5 12 19 26 33 40 47
1 8 15 22 29 36 43
29 30 31 32 33 34 35
4
2 3 4 5
3 4 5 6
4 5 6 7
1 2 3 4
1 2 3 4
2 3 4 5
3 4 5 6
6
6 8 10 15 24 26
14 20 21 25 32 39
9 10 13 19 21 30
14 15 19 21 25 32
7 12 13 19 29 30
19 24 29 30 32 34
1 6 7 11 14 18
23 26 30 35 39 41
1 6 9 14 19 23
18 25 30 32 34 41
6 8 12 16 20 25
2
2 4
6 8
2 6
2
4 8
8 10
5 10
5
6 8 11 12 14
5 7 9 11 13
4 5 7 9 10
5 7 9 11 12
2 4 5 6 7
8 10 13 14 15
7 10 12 13 15
2 3 5 6 8
3 5 7 8 10
3
2 3 4
3 4 5
1 2 3
3 4 5
1 2 3
7
4 8 12 14 18 22 25
12 14 16 19 24 28 32
3 4 6 7 8 12 14
11 12 15 18 22 23 27
14 21 27 32 33 38 42
19 22 25 29 31 35 38
15 18 20 23 27 30 33
21 25 29 31 32 36 42
8 13 22 24 27 31 32
6 11 15 16 20 25 29
7 12 18 19 23 29 31
7 8 11 12 13 17 21
3 7 11 12 15 19 21
7
7 9 11 13 14 15 19
6 8 10 11 13 15 17
10 11 14 17 19 21 22
1 3 4 6 8 10 11
10 12 13 14 15 17 21
8 10 11 13 14 16 19
4 7 8 9 11 13 14
11 14 15 17 19 20 22
1 3 4 5 7 8 10
3 5 6 7 9 10 11
8 10 13 15 16 17 20
4 6 8 10 11 13 15
5 7 9 11 13 14 17
2
2 22
22 222
22 222
10
91 92 93 94 95 96 97 98 99 100
21 22 23 24 25 26 27 28 29 30
7 17 27 37 47 57 67 77 87 97
3 13 23 33 43 53 63 73 83 93
61 62 63 64 65 66 67 68 69 70
1 11 21 31 41 51 61 71 81 91
51 52 53 54 55 56 57 58 59 60
1 2 3 4 5 6 7 8 9 10
8 18 28 38 48 58 68 78 88 98
41 42 43 44 45 46 47 48 49 50
71 72 73 74 75 76 77 78 79 80
9 19 29 39 49 59 69 79 89 99
31 32 33 34 35 36 37 38 39 40
6 16 26 36 46 56 66 76 86 96
81 82 83 84 85 86 87 88 89 90
4 14 24 34 44 54 64 74 84 94
11 12 13 14 15 16 17 18 19 20
2 12 22 32 42 52 62 72 82 92
10 20 30 40 50 60 70 80 90 100
6
6 11 14 17 18 20
7 12 15 19 20 21
1 2 5 6 7 10
8 9 15 18 20 23
3 5 11 14 15 18
2 4 8 11 12 13
6 7 14 17 19 22
11 13 17 20 21 24
1 2 3 6 8 11
5 8 11 14 15 17
10 13 18 22 23 24
10
3 11 18 19 20 21 22 23 24 51
6 14 21 27 32 36 37 38 39 57
1 2 3 4 5 6 7 8 9 47
9 17 24 30 35 39 42 44 45 63
8 16 23 29 34 38 41 43 44 61
9 17 24 30 35 39 42 44 45 62
5 13 20 26 31 32 33 34 35 54
8 16 23 29 34 38 41 43 44 60
7 15 22 28 33 37 40 41 42 58
5 13 20 26 31 32 33 34 35 55
6 14 21 27 32 36 37 38 39 56
47 48 50 52 55 56 59 61 62 64
4 12 19 25 26 27 28 29 30 52
4 12 19 25 26 27 28 29 30 53
46 49 51 53 54 57 58 60 63 64
2 10 11 12 13 14 15 16 17 48
3 11 18 19 20 21 22 23 24 50
7 15 22 28 33 37 40 41 42 59
2 10 11 12 13 14 15 16 17 49
3
7 11 16
4 7 11
4 5 9
5 11 14
11 14 20
10
12 16 18 19 21 23 24 26 29 31
14 17 19 20 23 24 26 27 30 32
3 7 8 10 11 13 16 18 19 21
4 9 11 12 13 15 18 19 20 22
4 7 8 11 12 14 16 18 19 21
9 15 16 17 19 21 23 24 26 27
3 5 7 9 11 13 15 16 18 19
6 8 10 12 14 16 17 19 21 22
11 14 16 18 19 20 23 25 27 28
11 16 18 19 21 23 25 26 27 29
8 9 11 13 16 18 19 21 22 23
10 12 13 15 17 19 21 23 24 26
1 2 3 4 6 7 9 11 13 15
7 13 14 16 18 19 20 23 24 26
2 5 7 8 9 12 14 16 17 18
6 11 12 14 16 17 19 21 23 24
1 3 4 6 8 10 11 12 14 15
15 18 21 22 24 26 27 29 31 33
13 18 19 21 22 24 27 29 30 31
4
1 2 4 5
2 4 6 7
1 2 3 4
2 4 6 8
3 6 8 10
5 7 10 12
4 6 8 9
2
2 3
4 6
3 6
7
11 13 17 21 22 24 27
9 15 19 20 24 29 30
14 17 19 24 27 29 31
2 3 5 6 8 9 10
7 8 12 15 16 19 22
6 10 15 18 21 24 26
16 20 23 26 29 30 33
10 18 22 24 27 31 33
3 6 8 12 13 17 20
8 12 16 19 22 27 29
5 6 9 10 12 15 18
5 9 12 15 17 19 23
10 12 15 18 19 20 24
2
4 8
2 6
6 8
10
1 3 5 7 8 10 11 12 14 16
3 5 6 7 9 11 13 14 15 16
8 10 12 13 15 16 18 19 21 23
1 3 4 5 6 8 10 11 12 14
16 18 20 21 24 25 27 29 31 33
7 8 10 11 12 15 17 18 19 20
10 11 14 15 16 18 19 20 23 25
12 13 17 18 19 21 23 25 27 29
11 12 16 17 18 20 21 23 25 26
6 9 11 12 15 16 18 19 22 24
11 14 16 18 19 20 23 25 27 29
5 7 10 11 13 15 17 18 20 21
3 5 7 8 10 11 12 13 16 18
5 7 9 10 11 13 14 16 18 19
10 13 14 17 18 19 21 23 25 27
4 6 9 10 12 14 16 17 18 20
8 11 13 15 16 18 20 21 23 25
14 16 19 20 23 25 26 29 30 33
14 16 18 20 22 23 25 27 28 30
2
5 8
5 8
2 5
4
9 12 13 14
5 6 7 12
3 6 9 11
6 7 11 13
2 5 6 7
7 11 13 14
2 3 6 9
4
9 13 17 20
8 17 22 23
10 14 22 24
7 13 14 20
12 20 24 26
4 9 10 15
4 7 8 12
10
4 5 6 7 8 9 10 11 12 13
9 10 11 12 13 14 15 16 17 18
1 2 3 4 5 6 7 8 9 10
7 8 9 10 11 12 13 14 15 16
3 4 5 6 7 8 9 10 11 12
1 2 3 4 5 6 7 8 9 10
7 8 9 10 11 12 13 14 15 16
10 11 12 13 14 15 16 17 18 19
5 6 7 8 9 10 11 12 13 14
8 9 10 11 12 13 14 15 16 17
4 5 6 7 8 9 10 11 12 13
10 11 12 13 14 15 16 17 18 19
6 7 8 9 10 11 12 13 14 15
9 10 11 12 13 14 15 16 17 18
6 7 8 9 10 11 12 13 14 15
5 6 7 8 9 10 11 12 13 14
3 4 5 6 7 8 9 10 11 12
8 9 10 11 12 13 14 15 16 17
2 3 4 5 6 7 8 9 10 11
4
6 8 11 14
9 14 16 20
11 14 16 20
4 5 8 11
5 8 10 14
8 11 13 16
4 6 7 9
4
1 2 3 4
13 14 15 16
1 5 9 13
2 6 10 14
5 6 7 8
9 10 11 12
3 7 11 15
4
35 85 88 103
52 65 76 88
72 78 81 103
15 36 52 72
36 48 72 85
17 48 65 78
20 72 76 81
3
2 3 4
3 4 5
1 2 3
2 3 4
3 4 5
4
1 4 6 8
1 4 6 7
6 8 11 12
7 9 13 16
4 6 9 11
6 9 11 13
4 6 8 9
10
62 74 87 89 112 123 132 152 154 158
25 39 62 77 84 109 113 135 137 160
39 55 79 83 92 104 105 111 123 139
76 111 152 157 209 224 252 269 289 295
41 79 87 107 121 129 147 174 195 204
69 105 132 149 195 209 238 245 272 280
31 55 74 84 99 119 143 151 155 176
52 83 89 129 146 171 182 194 198 208
54 92 112 131 163 190 213 219 224 230
97 139 158 170 229 230 282 300 313 318
25 31 41 52 54 62 69 76 82 97
109 119 129 171 190 200 209 224 228 230
62 104 123 138 185 200 219 221 247 248
137 155 195 198 224 247 272 289 290 313
84 99 121 146 163 185 195 209 217 229
82 123 154 164 217 228 257 280 290 308
77 84 107 129 131 138 149 157 164 170
113 143 147 182 213 219 238 252 257 282
160 176 204 208 230 248 280 295 308 318
4
11 14 18 19
10 15 19 24
3 7 11 15
15 17 22 24
7 10 13 15
3 4 6 10
6 13 18 22
